//Headphone name, Frequency, 90 dB SPL, 100 db SPL
Headphones 1,10,18.9818,5.5724
Headphones 2,10,9.9776,3.363
Headphones 1,10.072,18.1914,5.4852
Headphones 2,10.072,9.6026,3.2736
Headphones 1,10.145,17.2086,5.37
Headphones 2,10.145,9.2598,3.1946
Headphones 1,10.219,16.088,5.2346
Headphones 2,10.219,9.0026,3.1336
Headphones 1,10.293,14.8286,5.1046
Headphones 2,10.293,8.8472,3.0934
Headphones 1,10.368,13.468,4.9916
Headphones 2,10.368,8.7936,3.0762
Headphones 1,10.443,12.1552,4.8852
Headphones 2,10.443,8.8644,3.0786
Headphones 1,10.518,10.9946,4.7874
Headphones 2,10.518,9.0478,3.0938
Headphones 1,10.595,10.0708,4.6982
Headphones 2,10.595,9.3024,3.116
Headphones 1,10.671,9.4224,4.611
Headphones 2,10.671,9.5718,3.1392
Headphones 1,10.749,9.0426,4.5352
Headphones 2,10.749,9.7904,3.1602
Headphones 1,10.827,8.9218,4.4746
Headphones 2,10.827,9.9314,3.1812
Headphones 1,10.905,9.0556,4.4278
Headphones 2,10.905,9.9866,3.2026
Headphones 1,10.984,9.4458,4.4082
Headphones 2,10.984,9.9632,3.2276
Headphones 1,11.064,10.0448,4.4264
Headphones 2,11.064,9.8668,3.257
Headphones 1,11.144,10.873,4.4892
Headphones 2,11.144,9.7084,3.2898
Headphones 1,11.225,11.9212,4.5948
Headphones 2,11.225,9.5128,3.324
Headphones 1,11.306,13.1518,4.7232
Headphones 2,11.306,9.3054,3.3576
Headphones 1,11.388,14.4868,4.8488
Headphones 2,11.388,9.1022,3.3848
Headphones 1,11.47,15.9116,4.9534
Headphones 2,11.47,8.8976,3.4
Headphones 1,11.554,17.3434,5.0252
Headphones 2,11.554,8.6932,3.397
Headphones 1,11.637,18.6214,5.0644
Headphones 2,11.637,8.4878,3.3696
Headphones 1,11.722,19.5544,5.0742
Headphones 2,11.722,8.2832,3.3132
Headphones 1,11.807,19.9894,5.0418
Headphones 2,11.807,8.081,3.2264
Headphones 1,11.892,19.908,4.9628
Headphones 2,11.892,7.8734,3.1102
Headphones 1,11.978,19.37,4.8478
Headphones 2,11.978,7.6542,2.9706
Headphones 1,12.065,18.4816,4.7104
Headphones 2,12.065,7.4218,2.8168
Headphones 1,12.152,17.35,4.5722
Headphones 2,12.152,7.1844,2.66
Headphones 1,12.241,16.0638,4.4426
Headphones 2,12.241,6.9628,2.5142
Headphones 1,12.329,14.7406,4.3204
Headphones 2,12.329,6.7716,2.3912
Headphones 1,12.419,13.468,4.204
Headphones 2,12.419,6.6122,2.3022
Headphones 1,12.509,12.3066,4.0876
Headphones 2,12.509,6.4832,2.2542
Headphones 1,12.599,11.3342,3.9816
Headphones 2,12.599,6.3832,2.2506
Headphones 1,12.69,10.6366,3.8864
Headphones 2,12.69,6.3202,2.2894
Headphones 1,12.782,10.2536,3.801
Headphones 2,12.782,6.3066,2.3564
Headphones 1,12.875,10.0298,3.7246
Headphones 2,12.875,6.3512,2.4362
Headphones 1,12.968,9.8196,3.6556
Headphones 2,12.968,6.466,2.5124
Headphones 1,13.062,9.593,3.6042
Headphones 2,13.062,6.668,2.572
Headphones 1,13.157,9.3394,3.5766
Headphones 2,13.157,6.9704,2.608
Headphones 1,13.252,9.0658,3.5784
Headphones 2,13.252,7.3622,2.6158
Headphones 1,13.348,8.7698,3.6004
Headphones 2,13.348,7.825,2.5946
Headphones 1,13.445,8.4696,3.6326
Headphones 2,13.445,8.3072,2.5482
Headphones 1,13.543,8.1978,3.6646
Headphones 2,13.543,8.7584,2.4852
Headphones 1,13.641,8.0048,3.686
Headphones 2,13.641,9.1236,2.417
Headphones 1,13.74,7.963,3.6996
Headphones 2,13.74,9.3564,2.3584
Headphones 1,13.839,8.1364,3.7072
Headphones 2,13.839,9.4328,2.3236
Headphones 1,13.939,8.516,3.7268
Headphones 2,13.939,9.3542,2.3346
Headphones 1,14.04,9.0438,3.7758
Headphones 2,14.04,9.1374,2.3978
Headphones 1,14.142,9.6814,3.8746
Headphones 2,14.142,8.8046,2.5026
Headphones 1,14.245,10.3482,4.0302
Headphones 2,14.245,8.3786,2.6322
Headphones 1,14.348,10.9592,4.2494
Headphones 2,14.348,7.91,2.7622
Headphones 1,14.452,11.4454,4.5046
Headphones 2,14.452,7.455,2.8662
Headphones 1,14.557,11.719,4.7582
Headphones 2,14.557,7.0636,2.9216
Headphones 1,14.662,11.7112,4.9582
Headphones 2,14.662,6.752,2.9148
Headphones 1,14.768,11.4048,5.068
Headphones 2,14.768,6.4948,2.8412
Headphones 1,14.875,10.8484,5.0662
Headphones 2,14.875,6.2512,2.7066
Headphones 1,14.983,10.111,4.9584
Headphones 2,14.983,5.9808,2.5282
Headphones 1,15.092,9.2794,4.7674
Headphones 2,15.092,5.6574,2.3312
Headphones 1,15.201,8.4368,4.5344
Headphones 2,15.201,5.281,2.1434
Headphones 1,15.311,7.6758,4.3022
Headphones 2,15.311,4.8744,1.9926
Headphones 1,15.422,7.0772,4.11
Headphones 2,15.422,4.4748,1.8986
Headphones 1,15.534,6.6888,3.9792
Headphones 2,15.534,4.1244,1.862
Headphones 1,15.646,6.5302,3.9096
Headphones 2,15.646,3.8566,1.8668
Headphones 1,15.76,6.4716,3.8808
Headphones 2,15.76,3.6814,1.8948
Headphones 1,15.874,6.3804,3.8692
Headphones 2,15.874,3.599,1.9278
Headphones 1,15.989,6.1816,3.8612
Headphones 2,15.989,3.601,1.9494
Headphones 1,16.105,5.8514,3.8506
Headphones 2,16.105,3.6732,1.9542
Headphones 1,16.222,5.429,3.8372
Headphones 2,16.222,3.7966,1.9428
Headphones 1,16.339,4.986,3.8252
Headphones 2,16.339,3.9712,1.9236
Headphones 1,16.458,4.6154,3.8194
Headphones 2,16.458,4.1844,1.9176
Headphones 1,16.577,4.3846,3.8268
Headphones 2,16.577,4.4078,1.9302
Headphones 1,16.697,4.2918,3.8416
Headphones 2,16.697,4.6166,1.9544
Headphones 1,16.818,4.2926,3.8588
Headphones 2,16.818,4.7898,1.9806
Headphones 1,16.94,4.3216,3.8682
Headphones 2,16.94,4.9108,1.9938
Headphones 1,17.063,4.3578,3.8688
Headphones 2,17.063,4.9642,1.9828
Headphones 1,17.186,4.4104,3.8584
Headphones 2,17.186,4.9364,1.9478
Headphones 1,17.311,4.4662,3.8408
Headphones 2,17.311,4.8236,1.9002
Headphones 1,17.436,4.5046,3.8222
Headphones 2,17.436,4.6268,1.8578
Headphones 1,17.562,4.5372,3.8042
Headphones 2,17.562,4.3572,1.8392
Headphones 1,17.69,4.5464,3.7918
Headphones 2,17.69,4.0406,1.8566
Headphones 1,17.818,4.5158,3.7836
Headphones 2,17.818,3.7222,1.9172
Headphones 1,17.947,4.4482,3.7804
Headphones 2,17.947,3.4584,1.9888
Headphones 1,18.077,4.3932,3.7874
Headphones 2,18.077,3.316,2.0424
Headphones 1,18.208,4.372,3.8054
Headphones 2,18.208,3.3142,2.0624
Headphones 1,18.34,4.3728,3.8336
Headphones 2,18.34,3.448,2.042
Headphones 1,18.473,4.377,3.8682
Headphones 2,18.473,3.6886,1.989
Headphones 1,18.607,4.3582,3.9026
Headphones 2,18.607,3.9672,1.9214
Headphones 1,18.742,4.3396,3.9358
Headphones 2,18.742,4.235,1.8642
Headphones 1,18.877,4.4438,3.9808
Headphones 2,18.877,4.4722,1.843
Headphones 1,19.014,4.9068,4.0652
Headphones 2,19.014,4.6738,1.8728
Headphones 1,19.152,5.7796,4.2076
Headphones 2,19.152,4.8462,1.9498
Headphones 1,19.291,6.86,4.393
Headphones 2,19.291,4.9968,2.0438
Headphones 1,19.431,7.9484,4.5946
Headphones 2,19.431,5.1326,2.1218
Headphones 1,19.571,8.8052,4.7644
Headphones 2,19.571,5.243,2.1576
Headphones 1,19.713,9.2168,4.8538
Headphones 2,19.713,5.2658,2.1338
Headphones 1,19.856,9.0782,4.841
Headphones 2,19.856,5.14,2.0512
Headphones 1,20,8.4252,4.742
Headphones 2,20,4.841,1.9282
Headphones 1,20.145,7.4156,4.5986
Headphones 2,20.145,4.3952,1.7928
Headphones 1,20.291,6.2778,4.459
Headphones 2,20.291,3.8782,1.6804
Headphones 1,20.438,5.241,4.3578
Headphones 2,20.438,3.3784,1.5942
Headphones 1,20.586,4.4862,4.3022
Headphones 2,20.586,2.9796,1.5348
Headphones 1,20.735,4.024,4.2702
Headphones 2,20.735,2.7138,1.4946
Headphones 1,20.885,3.6742,4.2366
Headphones 2,20.885,2.5476,1.4626
Headphones 1,21.037,3.3494,4.1942
Headphones 2,21.037,2.4346,1.4298
Headphones 1,21.189,3.0448,4.1492
Headphones 2,21.189,2.3726,1.391
Headphones 1,21.343,2.805,4.1106
Headphones 2,21.343,2.3312,1.3774
Headphones 1,21.497,2.7046,4.0808
Headphones 2,21.497,2.3246,1.3936
Headphones 1,21.653,2.7016,4.056
Headphones 2,21.653,2.3586,1.424
Headphones 1,21.81,2.7232,4.033
Headphones 2,21.81,2.4256,1.4618
Headphones 1,21.968,2.7216,4.0118
Headphones 2,21.968,2.4938,1.4934
Headphones 1,22.127,2.695,3.9978
Headphones 2,22.127,2.5582,1.513
Headphones 1,22.288,2.6752,3.9996
Headphones 2,22.288,2.588,1.525
Headphones 1,22.449,2.696,4.0208
Headphones 2,22.449,2.6272,1.5334
Headphones 1,22.612,2.7324,4.0544
Headphones 2,22.612,2.7214,1.538
Headphones 1,22.776,2.7502,4.0914
Headphones 2,22.776,2.835,1.541
Headphones 1,22.941,2.7348,4.1252
Headphones 2,22.941,2.919,1.5438
Headphones 1,23.107,2.6816,4.1522
Headphones 2,23.107,2.9508,1.5358
Headphones 1,23.274,2.5942,4.1742
Headphones 2,23.274,2.9316,1.5078
Headphones 1,23.443,2.4908,4.1974
Headphones 2,23.443,2.8748,1.4504
Headphones 1,23.613,2.3894,4.2236
Headphones 2,23.613,2.7938,1.3646
Headphones 1,23.784,2.2962,4.249
Headphones 2,23.784,2.6812,1.2624
Headphones 1,23.956,2.2454,4.2722
Headphones 2,23.956,2.5422,1.1774
Headphones 1,24.13,2.2288,4.2918
Headphones 2,24.13,2.414,1.1288
Headphones 1,24.305,2.1964,4.3096
Headphones 2,24.305,2.324,1.1354
Headphones 1,24.481,2.1444,4.3302
Headphones 2,24.481,2.278,1.1818
Headphones 1,24.658,2.0952,4.3544
Headphones 2,24.658,2.29,1.2434
Headphones 1,24.837,2.0672,4.3782
Headphones 2,24.837,2.3384,1.297
Headphones 1,25.017,2.0784,4.399
Headphones 2,25.017,2.3946,1.3288
Headphones 1,25.198,2.1478,4.417
Headphones 2,25.198,2.4666,1.3508
Headphones 1,25.381,2.2596,4.4356
Headphones 2,25.381,2.5578,1.3608
Headphones 1,25.565,2.3774,4.4558
Headphones 2,25.565,2.6858,1.352
Headphones 1,25.75,2.4684,4.4742
Headphones 2,25.75,2.8444,1.3358
Headphones 1,25.937,2.5114,4.4838
Headphones 2,25.937,3.0142,1.329
Headphones 1,26.125,2.4944,4.481
Headphones 2,26.125,3.2032,1.3244
Headphones 1,26.314,2.4184,4.4718
Headphones 2,26.314,3.4144,1.3034
Headphones 1,26.505,2.318,4.4674
Headphones 2,26.505,3.672,1.267
Headphones 1,26.697,2.2434,4.4758
Headphones 2,26.697,3.9998,1.2298
Headphones 1,26.89,2.2202,4.4936
Headphones 2,26.89,4.3186,1.1996
Headphones 1,27.085,2.219,4.5108
Headphones 2,27.085,4.5196,1.1964
Headphones 1,27.281,2.2098,4.5182
Headphones 2,27.281,4.5758,1.2284
Headphones 1,27.479,2.2252,4.5136
Headphones 2,27.479,4.521,1.3166
Headphones 1,27.678,2.2832,4.4976
Headphones 2,27.678,4.3856,1.4028
Headphones 1,27.879,2.371,4.475
Headphones 2,27.879,4.233,1.4798
Headphones 1,28.081,2.6018,4.4586
Headphones 2,28.081,4.1244,1.544
Headphones 1,28.284,3.0378,4.4556
Headphones 2,28.284,4.0836,1.5936
Headphones 1,28.489,3.4646,4.4568
Headphones 2,28.489,4.0722,1.664
Headphones 1,28.696,3.7796,4.4436
Headphones 2,28.696,4.0604,1.7478
Headphones 1,28.903,4.2494,4.4168
Headphones 2,28.903,4.1286,1.8094
Headphones 1,29.113,5.1134,4.424
Headphones 2,29.113,4.1832,1.8224
Headphones 1,29.324,5.9862,4.5108
Headphones 2,29.324,4.2634,1.7512
Headphones 1,29.536,6.3674,4.6636
Headphones 2,29.536,4.3044,1.608
Headphones 1,29.75,6.0366,4.7708
Headphones 2,29.75,4.1016,1.44
Headphones 1,29.966,5.1562,4.8094
Headphones 2,29.966,3.6832,1.2978
Headphones 1,30.183,4.1638,4.763
Headphones 2,30.183,3.1534,1.1754
Headphones 1,30.402,3.5232,4.6622
Headphones 2,30.402,2.605,1.0978
Headphones 1,30.622,3.1686,4.571
Headphones 2,30.622,2.1004,1.0332
Headphones 1,30.844,2.8602,4.5334
Headphones 2,30.844,1.7328,0.948
Headphones 1,31.068,2.6144,4.5396
Headphones 2,31.068,1.4992,0.8606
Headphones 1,31.293,2.4774,4.551
Headphones 2,31.293,1.327,0.8058
Headphones 1,31.519,2.3844,4.561
Headphones 2,31.519,1.1902,0.805
Headphones 1,31.748,2.2654,4.587
Headphones 2,31.748,1.0902,0.8136
Headphones 1,31.978,2.1368,4.6316
Headphones 2,31.978,1.0374,0.8108
Headphones 1,32.21,1.9998,4.6728
Headphones 2,32.21,0.9912,0.8092
Headphones 1,32.443,1.8938,4.693
Headphones 2,32.443,0.9326,0.8182
Headphones 1,32.678,1.8854,4.6966
Headphones 2,32.678,0.872,0.8272
Headphones 1,32.915,1.9282,4.698
Headphones 2,32.915,0.82,0.8204
Headphones 1,33.153,1.9724,4.7028
Headphones 2,33.153,0.7776,0.8026
Headphones 1,33.394,1.9842,4.7078
Headphones 2,33.394,0.7404,0.7908
Headphones 1,33.636,1.9578,4.7098
Headphones 2,33.636,0.7244,0.7864
Headphones 1,33.879,1.9278,4.7058
Headphones 2,33.879,0.7308,0.7754
Headphones 1,34.125,1.9184,4.6924
Headphones 2,34.125,0.7488,0.7548
Headphones 1,34.372,1.9266,4.6728
Headphones 2,34.372,0.7878,0.7564
Headphones 1,34.621,1.919,4.6602
Headphones 2,34.621,0.8464,0.7862
Headphones 1,34.872,1.8638,4.6682
Headphones 2,34.872,0.9132,0.8118
Headphones 1,35.125,1.7906,4.7
Headphones 2,35.125,0.975,0.8204
Headphones 1,35.379,1.7518,4.7424
Headphones 2,35.379,1.0254,0.8182
Headphones 1,35.636,1.7398,4.7758
Headphones 2,35.636,1.0436,0.8182
Headphones 1,35.894,1.7256,4.785
Headphones 2,35.894,1.0128,0.8036
Headphones 1,36.154,1.6898,4.7696
Headphones 2,36.154,0.943,0.7686
Headphones 1,36.416,1.637,4.7444
Headphones 2,36.416,0.8636,0.7284
Headphones 1,36.68,1.5948,4.7316
Headphones 2,36.68,0.796,0.7068
Headphones 1,36.946,1.567,4.7334
Headphones 2,36.946,0.74,0.7036
Headphones 1,37.213,1.543,4.7354
Headphones 2,37.213,0.6924,0.7024
Headphones 1,37.483,1.532,4.7298
Headphones 2,37.483,0.6622,0.6984
Headphones 1,37.755,1.536,4.724
Headphones 2,37.755,0.6546,0.6972
Headphones 1,38.028,1.5426,4.722
Headphones 2,38.028,0.6586,0.6972
Headphones 1,38.304,1.5652,4.72
Headphones 2,38.304,0.6644,0.6916
Headphones 1,38.581,1.5904,4.7198
Headphones 2,38.581,0.6822,0.681
Headphones 1,38.861,1.5984,4.7294
Headphones 2,38.861,0.6998,0.6668
Headphones 1,39.143,1.5766,4.7426
Headphones 2,39.143,0.7134,0.6528
Headphones 1,39.426,1.5472,4.7428
Headphones 2,39.426,0.7142,0.6482
Headphones 1,39.712,1.5462,4.729
Headphones 2,39.712,0.7116,0.6534
Headphones 1,40,1.5646,4.7184
Headphones 2,40,0.6852,0.6482
Headphones 1,40.29,1.6064,4.713
Headphones 2,40.29,0.6382,0.628
Headphones 1,40.582,1.6606,4.701
Headphones 2,40.582,0.5798,0.6016
Headphones 1,40.876,1.7804,4.6826
Headphones 2,40.876,0.5572,0.5826
Headphones 1,41.172,1.8968,4.672
Headphones 2,41.172,0.5728,0.574
Headphones 1,41.47,1.941,4.6658
Headphones 2,41.47,0.5882,0.5708
Headphones 1,41.771,1.9272,4.648
Headphones 2,41.771,0.6066,0.5634
Headphones 1,42.073,1.9076,4.6208
Headphones 2,42.073,0.6274,0.5492
Headphones 1,42.378,1.8898,4.6068
Headphones 2,42.378,0.6624,0.537
Headphones 1,42.685,1.8544,4.6064
Headphones 2,42.685,0.7222,0.5256
Headphones 1,42.995,1.8096,4.5976
Headphones 2,42.995,0.769,0.5114
Headphones 1,43.306,1.7586,4.5794
Headphones 2,43.306,0.79,0.51
Headphones 1,43.62,1.7138,4.5618
Headphones 2,43.62,0.8222,0.5344
Headphones 1,43.936,1.711,4.5396
Headphones 2,43.936,0.874,0.5564
Headphones 1,44.254,1.7672,4.5054
Headphones 2,44.254,0.8934,0.5538
Headphones 1,44.575,1.8398,4.4746
Headphones 2,44.575,0.8712,0.5412
Headphones 1,44.898,1.8818,4.4622
Headphones 2,44.898,0.8272,0.5314
Headphones 1,45.223,1.8646,4.4562
Headphones 2,45.223,0.7654,0.5234
Headphones 1,45.551,1.7874,4.444
Headphones 2,45.551,0.6884,0.5186
Headphones 1,45.881,1.6948,4.4296
Headphones 2,45.881,0.6314,0.5146
Headphones 1,46.214,1.625,4.4124
Headphones 2,46.214,0.5952,0.5052
Headphones 1,46.549,1.5762,4.386
Headphones 2,46.549,0.569,0.4872
Headphones 1,46.886,1.549,4.3546
Headphones 2,46.886,0.5462,0.4754
Headphones 1,47.226,1.5288,4.3256
Headphones 2,47.226,0.5186,0.4764
Headphones 1,47.568,1.5042,4.2996
Headphones 2,47.568,0.5008,0.466
Headphones 1,47.913,1.4688,4.2756
Headphones 2,47.913,0.4804,0.4532
Headphones 1,48.26,1.4318,4.249
Headphones 2,48.26,0.4504,0.4542
Headphones 1,48.61,1.4096,4.2148
Headphones 2,48.61,0.4386,0.4474
Headphones 1,48.962,1.3984,4.18
Headphones 2,48.962,0.4358,0.44
Headphones 1,49.317,1.3992,4.1516
Headphones 2,49.317,0.4298,0.4408
Headphones 1,49.674,1.4128,4.1218
Headphones 2,49.674,0.4208,0.442
Headphones 1,50.034,1.4118,4.0898
Headphones 2,50.034,0.4154,0.4376
Headphones 1,50.396,1.3942,4.0598
Headphones 2,50.396,0.421,0.4366
Headphones 1,50.762,1.3712,4.0314
Headphones 2,50.762,0.4242,0.4432
Headphones 1,51.129,1.3346,4.0026
Headphones 2,51.129,0.4236,0.4528
Headphones 1,51.5,1.314,3.9766
Headphones 2,51.5,0.4352,0.4554
Headphones 1,51.873,1.3248,3.9536
Headphones 2,51.873,0.452,0.4518
Headphones 1,52.249,1.3306,3.9292
Headphones 2,52.249,0.4578,0.4442
Headphones 1,52.628,1.3222,3.9022
Headphones 2,52.628,0.4586,0.4264
Headphones 1,53.009,1.3126,3.8728
Headphones 2,53.009,0.4796,0.4072
Headphones 1,53.393,1.3034,3.841
Headphones 2,53.393,0.5048,0.4016
Headphones 1,53.78,1.2916,3.8076
Headphones 2,53.78,0.509,0.4056
Headphones 1,54.17,1.2832,3.775
Headphones 2,54.17,0.4962,0.4078
Headphones 1,54.562,1.2738,3.7408
Headphones 2,54.562,0.4712,0.404
Headphones 1,54.958,1.2566,3.7058
Headphones 2,54.958,0.4574,0.4092
Headphones 1,55.356,1.2398,3.6716
Headphones 2,55.356,0.4512,0.4146
Headphones 1,55.757,1.2238,3.6388
Headphones 2,55.757,0.4368,0.4074
Headphones 1,56.161,1.2094,3.604
Headphones 2,56.161,0.4342,0.3922
Headphones 1,56.568,1.2038,3.5672
Headphones 2,56.568,0.4378,0.3766
Headphones 1,56.978,1.1896,3.529
Headphones 2,56.978,0.433,0.364
Headphones 1,57.391,1.165,3.4904
Headphones 2,57.391,0.4404,0.3562
Headphones 1,57.807,1.1426,3.454
Headphones 2,57.807,0.4574,0.354
Headphones 1,58.226,1.1282,3.4178
Headphones 2,58.226,0.4864,0.368
Headphones 1,58.648,1.1358,3.3822
Headphones 2,58.648,0.5184,0.394
Headphones 1,59.073,1.1528,3.3482
Headphones 2,59.073,0.5328,0.4086
Headphones 1,59.501,1.1854,3.313
Headphones 2,59.501,0.5666,0.4124
Headphones 1,59.932,1.1964,3.2824
Headphones 2,59.932,0.5938,0.4032
Headphones 1,60.366,1.1514,3.2538
Headphones 2,60.366,0.5348,0.375
Headphones 1,60.803,1.113,3.218
Headphones 2,60.803,0.435,0.3552
Headphones 1,61.244,1.0958,3.1834
Headphones 2,61.244,0.3776,0.3464
Headphones 1,61.688,1.0704,3.1514
Headphones 2,61.688,0.3266,0.338
Headphones 1,62.135,1.0498,3.1192
Headphones 2,62.135,0.2898,0.332
Headphones 1,62.585,1.0362,3.0852
Headphones 2,62.585,0.2658,0.327
Headphones 1,63.039,1.027,3.0494
Headphones 2,63.039,0.2432,0.3188
Headphones 1,63.495,1.0186,3.0138
Headphones 2,63.495,0.2234,0.3082
Headphones 1,63.956,1.0092,2.9774
Headphones 2,63.956,0.2174,0.2998
Headphones 1,64.419,0.9964,2.9404
Headphones 2,64.419,0.2182,0.2922
Headphones 1,64.886,0.9814,2.9042
Headphones 2,64.886,0.2158,0.287
Headphones 1,65.356,0.9632,2.8704
Headphones 2,65.356,0.2052,0.2834
Headphones 1,65.83,0.9432,2.838
Headphones 2,65.83,0.206,0.2818
Headphones 1,66.307,0.9274,2.8052
Headphones 2,66.307,0.2084,0.2786
Headphones 1,66.787,0.9132,2.7706
Headphones 2,66.787,0.2056,0.2748
Headphones 1,67.271,0.9044,2.7356
Headphones 2,67.271,0.2006,0.272
Headphones 1,67.759,0.8968,2.7024
Headphones 2,67.759,0.1886,0.2666
Headphones 1,68.25,0.8892,2.669
Headphones 2,68.25,0.1792,0.262
Headphones 1,68.744,0.8834,2.6358
Headphones 2,68.744,0.1672,0.2576
Headphones 1,69.242,0.8734,2.6024
Headphones 2,69.242,0.1694,0.2532
Headphones 1,69.744,0.8612,2.569
Headphones 2,69.744,0.1766,0.2496
Headphones 1,70.249,0.8466,2.5358
Headphones 2,70.249,0.1716,0.245
Headphones 1,70.758,0.8352,2.5032
Headphones 2,70.758,0.16,0.238
Headphones 1,71.271,0.8248,2.4698
Headphones 2,71.271,0.1562,0.2306
Headphones 1,71.788,0.8116,2.4372
Headphones 2,71.788,0.1658,0.2222
Headphones 1,72.308,0.7976,2.4042
Headphones 2,72.308,0.1742,0.2174
Headphones 1,72.832,0.7856,2.3714
Headphones 2,72.832,0.1854,0.2162
Headphones 1,73.36,0.7754,2.3396
Headphones 2,73.36,0.1822,0.2148
Headphones 1,73.891,0.7666,2.309
Headphones 2,73.891,0.1776,0.2142
Headphones 1,74.427,0.7604,2.2782
Headphones 2,74.427,0.1776,0.2126
Headphones 1,74.966,0.754,2.2474
Headphones 2,74.966,0.1756,0.2114
Headphones 1,75.509,0.7438,2.216
Headphones 2,75.509,0.1662,0.2064
Headphones 1,76.056,0.7308,2.1848
Headphones 2,76.056,0.1652,0.199
Headphones 1,76.607,0.7164,2.1544
Headphones 2,76.607,0.1568,0.1916
Headphones 1,77.163,0.7038,2.1242
Headphones 2,77.163,0.147,0.187
Headphones 1,77.722,0.6932,2.0938
Headphones 2,77.722,0.14,0.1838
Headphones 1,78.285,0.6814,2.0638
Headphones 2,78.285,0.1358,0.1806
Headphones 1,78.852,0.6684,2.035
Headphones 2,78.852,0.1314,0.1776
Headphones 1,79.424,0.6572,2.0058
Headphones 2,79.424,0.1294,0.1758
Headphones 1,79.999,0.6468,1.9768
Headphones 2,79.999,0.1244,0.1754
Headphones 1,80.579,0.6352,1.9468
Headphones 2,80.579,0.1208,0.1744
Headphones 1,81.163,0.623,1.9172
Headphones 2,81.163,0.1218,0.173
Headphones 1,81.751,0.6116,1.8878
Headphones 2,81.751,0.1222,0.172
Headphones 1,82.343,0.602,1.8586
Headphones 2,82.343,0.1212,0.169
Headphones 1,82.94,0.5944,1.8304
Headphones 2,82.94,0.118,0.1654
Headphones 1,83.541,0.585,1.803
Headphones 2,83.541,0.1194,0.1626
Headphones 1,84.146,0.5748,1.776
Headphones 2,84.146,0.1222,0.1584
Headphones 1,84.756,0.5638,1.7478
Headphones 2,84.756,0.1182,0.155
Headphones 1,85.37,0.5538,1.7198
Headphones 2,85.37,0.1152,0.1514
Headphones 1,85.989,0.547,1.692
Headphones 2,85.989,0.119,0.1496
Headphones 1,86.612,0.5406,1.6662
Headphones 2,86.612,0.129,0.1478
Headphones 1,87.24,0.533,1.6392
Headphones 2,87.24,0.1314,0.148
Headphones 1,87.872,0.5288,1.6096
Headphones 2,87.872,0.1438,0.1518
Headphones 1,88.509,0.5382,1.5796
Headphones 2,88.509,0.1668,0.1574
Headphones 1,89.15,0.556,1.552
Headphones 2,89.15,0.2008,0.1654
Headphones 1,89.796,0.5806,1.5238
Headphones 2,89.796,0.2378,0.1778
Headphones 1,90.447,0.5546,1.4972
Headphones 2,90.447,0.2118,0.1704
Headphones 1,91.102,0.5144,1.48
Headphones 2,91.102,0.1552,0.1526
Headphones 1,91.762,0.4844,1.4592
Headphones 2,91.762,0.1164,0.1436
Headphones 1,92.427,0.4658,1.4354
Headphones 2,92.427,0.0952,0.1382
Headphones 1,93.097,0.452,1.4118
Headphones 2,93.097,0.0822,0.1344
Headphones 1,93.772,0.4412,1.3892
Headphones 2,93.772,0.0706,0.1316
Headphones 1,94.451,0.4298,1.3662
Headphones 2,94.451,0.0644,0.1292
Headphones 1,95.135,0.4186,1.343
Headphones 2,95.135,0.0606,0.1278
Headphones 1,95.825,0.4092,1.3198
Headphones 2,95.825,0.0594,0.127
Headphones 1,96.519,0.4012,1.2966
Headphones 2,96.519,0.0602,0.1256
Headphones 1,97.219,0.3928,1.2746
Headphones 2,97.219,0.0608,0.124
Headphones 1,97.923,0.3846,1.2526
Headphones 2,97.923,0.0616,0.1226
Headphones 1,98.633,0.3762,1.2308
Headphones 2,98.633,0.0636,0.122
Headphones 1,99.347,0.3698,1.2094
Headphones 2,99.347,0.0714,0.1224
Headphones 1,100.067,0.3636,1.1872
Headphones 2,100.067,0.0776,0.1228
Headphones 1,100.792,0.3536,1.1638
Headphones 2,100.792,0.0682,0.1208
Headphones 1,101.523,0.3438,1.1412
Headphones 2,101.523,0.0578,0.1184
Headphones 1,102.259,0.3352,1.119
Headphones 2,102.259,0.052,0.117
Headphones 1,103,0.328,1.0976
Headphones 2,103,0.05,0.1156
Headphones 1,103.746,0.321,1.0762
Headphones 2,103.746,0.052,0.1148
Headphones 1,104.498,0.3138,1.0558
Headphones 2,104.498,0.056,0.1138
Headphones 1,105.255,0.3084,1.0352
Headphones 2,105.255,0.0574,0.1124
Headphones 1,106.018,0.3022,1.015
Headphones 2,106.018,0.0538,0.1108
Headphones 1,106.786,0.295,0.995
Headphones 2,106.786,0.0522,0.1094
Headphones 1,107.56,0.287,0.9756
Headphones 2,107.56,0.0524,0.1086
Headphones 1,108.339,0.2782,0.9558
Headphones 2,108.339,0.053,0.108
Headphones 1,109.124,0.2698,0.9362
Headphones 2,109.124,0.0504,0.1074
Headphones 1,109.915,0.263,0.9168
Headphones 2,109.915,0.0504,0.107
Headphones 1,110.711,0.2582,0.8982
Headphones 2,110.711,0.0502,0.106
Headphones 1,111.514,0.2532,0.8798
Headphones 2,111.514,0.0494,0.1054
Headphones 1,112.322,0.2478,0.8616
Headphones 2,112.322,0.0488,0.1048
Headphones 1,113.136,0.2432,0.8436
Headphones 2,113.136,0.0488,0.104
Headphones 1,113.956,0.2372,0.8258
Headphones 2,113.956,0.0488,0.103
Headphones 1,114.781,0.231,0.808
Headphones 2,114.781,0.0488,0.1022
Headphones 1,115.613,0.2252,0.791
Headphones 2,115.613,0.0498,0.101
Headphones 1,116.451,0.221,0.774
Headphones 2,116.451,0.052,0.0996
Headphones 1,117.295,0.2164,0.7574
Headphones 2,117.295,0.0554,0.0984
Headphones 1,118.145,0.2106,0.7414
Headphones 2,118.145,0.0556,0.098
Headphones 1,119.001,0.205,0.7256
Headphones 2,119.001,0.0514,0.0984
Headphones 1,119.863,0.1994,0.7098
Headphones 2,119.863,0.049,0.0988
Headphones 1,120.732,0.1936,0.694
Headphones 2,120.732,0.047,0.0988
Headphones 1,121.606,0.188,0.6788
Headphones 2,121.606,0.0444,0.098
Headphones 1,122.488,0.182,0.6636
Headphones 2,122.488,0.0428,0.0966
Headphones 1,123.375,0.1774,0.6488
Headphones 2,123.375,0.0428,0.0948
Headphones 1,124.269,0.1722,0.6342
Headphones 2,124.269,0.0434,0.0934
Headphones 1,125.17,0.1672,0.62
Headphones 2,125.17,0.044,0.0914
Headphones 1,126.077,0.1624,0.606
Headphones 2,126.077,0.0452,0.0896
Headphones 1,126.99,0.1584,0.5922
Headphones 2,126.99,0.0468,0.0876
Headphones 1,127.911,0.1542,0.5794
Headphones 2,127.911,0.0462,0.0862
Headphones 1,128.838,0.15,0.5676
Headphones 2,128.838,0.0442,0.0846
Headphones 1,129.771,0.1474,0.5558
Headphones 2,129.771,0.0444,0.0834
Headphones 1,130.712,0.1438,0.5446
Headphones 2,130.712,0.0442,0.083
Headphones 1,131.659,0.1398,0.5334
Headphones 2,131.659,0.0438,0.0824
Headphones 1,132.613,0.1356,0.5216
Headphones 2,132.613,0.0434,0.0818
Headphones 1,133.574,0.1322,0.5102
Headphones 2,133.574,0.0438,0.0812
Headphones 1,134.542,0.13,0.499
Headphones 2,134.542,0.0452,0.081
Headphones 1,135.517,0.1264,0.4874
Headphones 2,135.517,0.045,0.0804
Headphones 1,136.499,0.1232,0.4766
Headphones 2,136.499,0.043,0.0794
Headphones 1,137.488,0.1208,0.4652
Headphones 2,137.488,0.0432,0.0786
Headphones 1,138.484,0.1192,0.4536
Headphones 2,138.484,0.0456,0.0782
Headphones 1,139.488,0.1188,0.4418
Headphones 2,139.488,0.0506,0.0782
Headphones 1,140.498,0.1166,0.4316
Headphones 2,140.498,0.0522,0.0776
Headphones 1,141.516,0.1118,0.4216
Headphones 2,141.516,0.0458,0.076
Headphones 1,142.542,0.1082,0.4116
Headphones 2,142.542,0.0426,0.075
Headphones 1,143.575,0.1048,0.402
Headphones 2,143.575,0.0412,0.074
Headphones 1,144.615,0.103,0.392
Headphones 2,144.615,0.0424,0.0732
Headphones 1,145.663,0.1028,0.3816
Headphones 2,145.663,0.0456,0.0728
Headphones 1,146.719,0.1028,0.3718
Headphones 2,146.719,0.0486,0.0728
Headphones 1,147.782,0.1062,0.362
Headphones 2,147.782,0.0544,0.074
Headphones 1,148.853,0.1134,0.3508
Headphones 2,148.853,0.0664,0.0768
Headphones 1,149.931,0.121,0.34
Headphones 2,149.931,0.0782,0.0806
Headphones 1,151.018,0.1072,0.3348
Headphones 2,151.018,0.0692,0.0758
Headphones 1,152.112,0.096,0.3292
Headphones 2,152.112,0.056,0.0726
Headphones 1,153.214,0.09,0.3226
Headphones 2,153.214,0.0496,0.071
Headphones 1,154.325,0.085,0.315
Headphones 2,154.325,0.0466,0.0702
Headphones 1,155.443,0.081,0.3082
Headphones 2,155.443,0.046,0.07
Headphones 1,156.569,0.0776,0.301
Headphones 2,156.569,0.0454,0.0698
Headphones 1,157.704,0.0758,0.294
Headphones 2,157.704,0.0444,0.0704
Headphones 1,158.847,0.0738,0.2872
Headphones 2,158.847,0.0446,0.0714
Headphones 1,159.998,0.0726,0.2806
Headphones 2,159.998,0.0462,0.0728
Headphones 1,161.157,0.0712,0.274
Headphones 2,161.157,0.047,0.0738
Headphones 1,162.325,0.0692,0.2676
Headphones 2,162.325,0.0482,0.0748
Headphones 1,163.501,0.0662,0.2608
Headphones 2,163.501,0.0486,0.0758
Headphones 1,164.686,0.0654,0.2546
Headphones 2,164.686,0.0494,0.077
Headphones 1,165.879,0.0636,0.2484
Headphones 2,165.879,0.049,0.0776
Headphones 1,167.081,0.0614,0.2426
Headphones 2,167.081,0.047,0.0784
Headphones 1,168.292,0.059,0.2364
Headphones 2,168.292,0.0468,0.0792
Headphones 1,169.512,0.0574,0.2308
Headphones 2,169.512,0.0486,0.079
Headphones 1,170.74,0.0556,0.2256
Headphones 2,170.74,0.049,0.0788
Headphones 1,171.977,0.0548,0.2202
Headphones 2,171.977,0.048,0.078
Headphones 1,173.223,0.0542,0.215
Headphones 2,173.223,0.046,0.0772
Headphones 1,174.479,0.0538,0.2098
Headphones 2,174.479,0.0446,0.0758
Headphones 1,175.743,0.053,0.2046
Headphones 2,175.743,0.0456,0.074
Headphones 1,177.017,0.0522,0.2
Headphones 2,177.017,0.048,0.0718
Headphones 1,178.299,0.0512,0.1956
Headphones 2,178.299,0.052,0.0692
Headphones 1,179.591,0.0518,0.1918
Headphones 2,179.591,0.057,0.0658
Headphones 1,180.893,0.0496,0.1876
Headphones 2,180.893,0.0546,0.0614
Headphones 1,182.203,0.0468,0.1832
Headphones 2,182.203,0.0478,0.0566
Headphones 1,183.524,0.0462,0.1794
Headphones 2,183.524,0.0438,0.0522
Headphones 1,184.854,0.0472,0.176
Headphones 2,184.854,0.042,0.0482
Headphones 1,186.193,0.048,0.1726
Headphones 2,186.193,0.0424,0.0446
Headphones 1,187.542,0.0476,0.17
Headphones 2,187.542,0.0438,0.0416
Headphones 1,188.901,0.0464,0.1674
Headphones 2,188.901,0.045,0.039
Headphones 1,190.27,0.0462,0.1652
Headphones 2,190.27,0.0462,0.0374
Headphones 1,191.649,0.0464,0.1632
Headphones 2,191.649,0.0456,0.0358
Headphones 1,193.038,0.047,0.1616
Headphones 2,193.038,0.047,0.0348
Headphones 1,194.437,0.0476,0.1598
Headphones 2,194.437,0.0494,0.0342
Headphones 1,195.846,0.0476,0.1578
Headphones 2,195.846,0.0502,0.0338
Headphones 1,197.265,0.0474,0.1556
Headphones 2,197.265,0.0498,0.034
Headphones 1,198.694,0.0472,0.1528
Headphones 2,198.694,0.0486,0.0344
Headphones 1,200.134,0.0466,0.15
Headphones 2,200.134,0.0478,0.0348
Headphones 1,201.584,0.0472,0.1464
Headphones 2,201.584,0.0472,0.0354
Headphones 1,203.045,0.0484,0.1422
Headphones 2,203.045,0.0486,0.0364
Headphones 1,204.516,0.0488,0.1384
Headphones 2,204.516,0.0488,0.0372
Headphones 1,205.998,0.0506,0.1342
Headphones 2,205.998,0.0492,0.0384
Headphones 1,207.491,0.0534,0.13
Headphones 2,207.491,0.0512,0.0402
Headphones 1,208.995,0.0584,0.1258
Headphones 2,208.995,0.056,0.0432
Headphones 1,210.509,0.061,0.1218
Headphones 2,210.509,0.0572,0.0452
Headphones 1,212.035,0.0538,0.1194
Headphones 2,212.035,0.0484,0.0428
Headphones 1,213.571,0.0486,0.1164
Headphones 2,213.571,0.0434,0.042
Headphones 1,215.119,0.045,0.1142
Headphones 2,215.119,0.041,0.0424
Headphones 1,216.677,0.0428,0.1112
Headphones 2,216.677,0.0408,0.0432
Headphones 1,218.248,0.0426,0.1088
Headphones 2,218.248,0.0424,0.0444
Headphones 1,219.829,0.043,0.1066
Headphones 2,219.829,0.0432,0.0456
Headphones 1,221.422,0.042,0.104
Headphones 2,221.422,0.0416,0.0474
Headphones 1,223.027,0.04,0.1012
Headphones 2,223.027,0.0394,0.0492
Headphones 1,224.643,0.0388,0.099
Headphones 2,224.643,0.0392,0.0518
Headphones 1,226.271,0.0382,0.0968
Headphones 2,226.271,0.0398,0.0546
Headphones 1,227.91,0.0386,0.0946
Headphones 2,227.91,0.0414,0.0582
Headphones 1,229.562,0.0394,0.0926
Headphones 2,229.562,0.0434,0.062
Headphones 1,231.225,0.0402,0.0904
Headphones 2,231.225,0.0444,0.0662
Headphones 1,232.901,0.0404,0.0882
Headphones 2,232.901,0.0446,0.0708
Headphones 1,234.588,0.0394,0.0862
Headphones 2,234.588,0.0438,0.075
Headphones 1,236.288,0.0386,0.0846
Headphones 2,236.288,0.0426,0.0786
Headphones 1,238.001,0.0382,0.0834
Headphones 2,238.001,0.0426,0.0818
Headphones 1,239.725,0.0388,0.082
Headphones 2,239.725,0.0434,0.0834
Headphones 1,241.462,0.039,0.0802
Headphones 2,241.462,0.0432,0.0832
Headphones 1,243.212,0.0386,0.0786
Headphones 2,243.212,0.042,0.0812
Headphones 1,244.975,0.039,0.077
Headphones 2,244.975,0.042,0.0774
Headphones 1,246.75,0.0404,0.076
Headphones 2,246.75,0.0434,0.072
Headphones 1,248.538,0.0402,0.0744
Headphones 2,248.538,0.0432,0.0656
Headphones 1,250.339,0.04,0.073
Headphones 2,250.339,0.042,0.0588
Headphones 1,252.153,0.04,0.0716
Headphones 2,252.153,0.0408,0.0516
Headphones 1,253.98,0.0396,0.0708
Headphones 2,253.98,0.0412,0.0452
Headphones 1,255.82,0.0398,0.0694
Headphones 2,255.82,0.0408,0.0394
Headphones 1,257.674,0.0408,0.0682
Headphones 2,257.674,0.0402,0.0344
Headphones 1,259.541,0.0414,0.0672
Headphones 2,259.541,0.0404,0.0304
Headphones 1,261.422,0.0406,0.0662
Headphones 2,261.422,0.0406,0.0268
Headphones 1,263.316,0.0398,0.0648
Headphones 2,263.316,0.0404,0.0242
Headphones 1,265.225,0.0398,0.064
Headphones 2,265.225,0.0406,0.0222
Headphones 1,267.146,0.0404,0.0634
Headphones 2,267.146,0.0424,0.0212
Headphones 1,269.082,0.0416,0.0628
Headphones 2,269.082,0.0458,0.0214
Headphones 1,271.032,0.0418,0.062
Headphones 2,271.032,0.0458,0.0202
Headphones 1,272.996,0.0408,0.061
Headphones 2,272.996,0.0424,0.018
Headphones 1,274.974,0.0406,0.06
Headphones 2,274.974,0.041,0.0176
Headphones 1,276.967,0.0406,0.0594
Headphones 2,276.967,0.0406,0.0176
Headphones 1,278.974,0.04,0.0586
Headphones 2,278.974,0.0392,0.0176
Headphones 1,280.996,0.0398,0.0576
Headphones 2,280.996,0.0398,0.0178
Headphones 1,283.032,0.0396,0.0566
Headphones 2,283.032,0.0416,0.0182
Headphones 1,285.083,0.0394,0.0558
Headphones 2,285.083,0.0434,0.019
Headphones 1,287.149,0.039,0.0552
Headphones 2,287.149,0.0428,0.0198
Headphones 1,289.229,0.039,0.0546
Headphones 2,289.229,0.0436,0.0204
Headphones 1,291.325,0.0394,0.054
Headphones 2,291.325,0.0444,0.0208
Headphones 1,293.436,0.04,0.0532
Headphones 2,293.436,0.0452,0.0218
Headphones 1,295.563,0.04,0.053
Headphones 2,295.563,0.0466,0.0228
Headphones 1,297.704,0.0408,0.0526
Headphones 2,297.704,0.0498,0.0242
Headphones 1,299.862,0.0422,0.0522
Headphones 2,299.862,0.054,0.0256
Headphones 1,302.035,0.0408,0.0514
Headphones 2,302.035,0.0514,0.0256
Headphones 1,304.223,0.04,0.0504
Headphones 2,304.223,0.0484,0.0254
Headphones 1,306.428,0.0404,0.05
Headphones 2,306.428,0.0474,0.025
Headphones 1,308.648,0.04,0.05
Headphones 2,308.648,0.0472,0.0254
Headphones 1,310.885,0.0406,0.0492
Headphones 2,310.885,0.0484,0.0254
Headphones 1,313.138,0.0414,0.0492
Headphones 2,313.138,0.0482,0.025
Headphones 1,315.407,0.043,0.049
Headphones 2,315.407,0.0488,0.025
Headphones 1,317.692,0.043,0.0486
Headphones 2,317.692,0.0488,0.025
Headphones 1,319.994,0.0424,0.0486
Headphones 2,319.994,0.0492,0.0258
Headphones 1,322.313,0.0434,0.0486
Headphones 2,322.313,0.0494,0.027
Headphones 1,324.649,0.0434,0.0484
Headphones 2,324.649,0.0506,0.0278
Headphones 1,327.001,0.043,0.0482
Headphones 2,327.001,0.0514,0.029
Headphones 1,329.371,0.0432,0.0482
Headphones 2,329.371,0.0544,0.0302
Headphones 1,331.758,0.0432,0.0478
Headphones 2,331.758,0.054,0.03
Headphones 1,334.162,0.0426,0.0474
Headphones 2,334.162,0.0528,0.0284
Headphones 1,336.583,0.0424,0.047
Headphones 2,336.583,0.0534,0.0278
Headphones 1,339.022,0.042,0.0468
Headphones 2,339.022,0.0554,0.028
Headphones 1,341.479,0.0422,0.0466
Headphones 2,341.479,0.0562,0.0282
Headphones 1,343.953,0.0414,0.0462
Headphones 2,343.953,0.0556,0.0278
Headphones 1,346.446,0.0412,0.0458
Headphones 2,346.446,0.0554,0.027
Headphones 1,348.956,0.0412,0.0454
Headphones 2,348.956,0.0558,0.0266
Headphones 1,351.485,0.0418,0.0452
Headphones 2,351.485,0.055,0.026
Headphones 1,354.032,0.0414,0.0454
Headphones 2,354.032,0.0536,0.0256
Headphones 1,356.597,0.0404,0.0448
Headphones 2,356.597,0.0532,0.0248
Headphones 1,359.181,0.04,0.0444
Headphones 2,359.181,0.0538,0.0248
Headphones 1,361.784,0.0398,0.0442
Headphones 2,361.784,0.054,0.0236
Headphones 1,364.406,0.0402,0.044
Headphones 2,364.406,0.0544,0.023
Headphones 1,367.046,0.042,0.0444
Headphones 2,367.046,0.057,0.0226
Headphones 1,369.706,0.0432,0.0442
Headphones 2,369.706,0.0582,0.022
Headphones 1,372.385,0.043,0.0442
Headphones 2,372.385,0.0582,0.0218
Headphones 1,375.084,0.0426,0.044
Headphones 2,375.084,0.0586,0.0214
Headphones 1,377.802,0.0424,0.0438
Headphones 2,377.802,0.059,0.0212
Headphones 1,380.539,0.0426,0.0438
Headphones 2,380.539,0.0604,0.0214
Headphones 1,383.297,0.0426,0.0438
Headphones 2,383.297,0.059,0.0206
Headphones 1,386.074,0.042,0.0442
Headphones 2,386.074,0.0578,0.0204
Headphones 1,388.872,0.043,0.0446
Headphones 2,388.872,0.0586,0.0202
Headphones 1,391.69,0.0432,0.0442
Headphones 2,391.69,0.058,0.02
Headphones 1,394.528,0.0426,0.0444
Headphones 2,394.528,0.0572,0.0196
Headphones 1,397.387,0.0426,0.0446
Headphones 2,397.387,0.0572,0.0194
Headphones 1,400.267,0.0426,0.045
Headphones 2,400.267,0.0568,0.0194
Headphones 1,403.167,0.0434,0.0452
Headphones 2,403.167,0.057,0.0194
Headphones 1,406.089,0.044,0.0462
Headphones 2,406.089,0.057,0.0194
Headphones 1,409.031,0.0436,0.0468
Headphones 2,409.031,0.0554,0.0192
Headphones 1,411.995,0.043,0.047
Headphones 2,411.995,0.0548,0.0188
Headphones 1,414.981,0.0434,0.0482
Headphones 2,414.981,0.0554,0.019
Headphones 1,417.988,0.0446,0.0486
Headphones 2,417.988,0.0578,0.02
Headphones 1,421.017,0.0454,0.0496
Headphones 2,421.017,0.0592,0.0206
Headphones 1,424.068,0.0442,0.0496
Headphones 2,424.068,0.0568,0.0202
Headphones 1,427.141,0.0444,0.0504
Headphones 2,427.141,0.0564,0.0202
Headphones 1,430.236,0.0436,0.0508
Headphones 2,430.236,0.0566,0.0204
Headphones 1,433.353,0.0434,0.0512
Headphones 2,433.353,0.057,0.0208
Headphones 1,436.494,0.0434,0.0514
Headphones 2,436.494,0.0576,0.021
Headphones 1,439.657,0.0434,0.0516
Headphones 2,439.657,0.057,0.0212
Headphones 1,442.843,0.0438,0.0522
Headphones 2,442.843,0.058,0.0212
Headphones 1,446.052,0.0438,0.053
Headphones 2,446.052,0.0594,0.021
Headphones 1,449.284,0.0446,0.0536
Headphones 2,449.284,0.061,0.0212
Headphones 1,452.54,0.0444,0.0542
Headphones 2,452.54,0.0612,0.0212
Headphones 1,455.819,0.0442,0.0548
Headphones 2,455.819,0.0618,0.0218
Headphones 1,459.122,0.0446,0.0556
Headphones 2,459.122,0.0634,0.0224
Headphones 1,462.449,0.0454,0.0566
Headphones 2,462.449,0.0638,0.0222
Headphones 1,465.8,0.0458,0.0568
Headphones 2,465.8,0.0638,0.0222
Headphones 1,469.175,0.0456,0.0574
Headphones 2,469.175,0.0638,0.0222
Headphones 1,472.575,0.0448,0.0576
Headphones 2,472.575,0.064,0.0224
Headphones 1,476,0.044,0.0582
Headphones 2,476,0.0636,0.022
Headphones 1,479.449,0.0444,0.0588
Headphones 2,479.449,0.0646,0.0222
Headphones 1,482.923,0.0444,0.0592
Headphones 2,482.923,0.0658,0.0222
Headphones 1,486.422,0.0458,0.0594
Headphones 2,486.422,0.068,0.0228
Headphones 1,489.947,0.0464,0.06
Headphones 2,489.947,0.0682,0.023
Headphones 1,493.498,0.0466,0.0606
Headphones 2,493.498,0.0676,0.0228
Headphones 1,497.074,0.0466,0.0612
Headphones 2,497.074,0.0682,0.0228
Headphones 1,500.676,0.0464,0.0616
Headphones 2,500.676,0.0694,0.023
Headphones 1,504.304,0.0458,0.0624
Headphones 2,504.304,0.0686,0.0232
Headphones 1,507.958,0.0462,0.0632
Headphones 2,507.958,0.0706,0.024
Headphones 1,511.639,0.0468,0.0634
Headphones 2,511.639,0.0712,0.0242
Headphones 1,515.347,0.0466,0.0638
Headphones 2,515.347,0.0686,0.0234
Headphones 1,519.081,0.0462,0.064
Headphones 2,519.081,0.0678,0.023
Headphones 1,522.842,0.0466,0.0644
Headphones 2,522.842,0.0684,0.023
Headphones 1,526.631,0.0466,0.065
Headphones 2,526.631,0.0694,0.0232
Headphones 1,530.447,0.0464,0.0656
Headphones 2,530.447,0.0692,0.0232
Headphones 1,534.291,0.0466,0.0662
Headphones 2,534.291,0.0686,0.0234
Headphones 1,538.163,0.047,0.0668
Headphones 2,538.163,0.0704,0.0242
Headphones 1,542.062,0.0474,0.0672
Headphones 2,542.062,0.0704,0.0244
Headphones 1,545.99,0.0466,0.0672
Headphones 2,545.99,0.0688,0.0238
Headphones 1,549.947,0.0464,0.0674
Headphones 2,549.947,0.0688,0.0238
Headphones 1,553.932,0.047,0.0674
Headphones 2,553.932,0.069,0.0238
Headphones 1,557.946,0.047,0.0676
Headphones 2,557.946,0.0694,0.0242
Headphones 1,561.989,0.0468,0.0678
Headphones 2,561.989,0.0708,0.0246
Headphones 1,566.062,0.0468,0.0678
Headphones 2,566.062,0.0716,0.0252
Headphones 1,570.163,0.047,0.0682
Headphones 2,570.163,0.0734,0.0258
Headphones 1,574.295,0.0464,0.0684
Headphones 2,574.295,0.0728,0.0248
Headphones 1,578.457,0.047,0.0684
Headphones 2,578.457,0.0734,0.0246
Headphones 1,582.648,0.0478,0.0684
Headphones 2,582.648,0.073,0.025
Headphones 1,586.87,0.0478,0.0688
Headphones 2,586.87,0.0728,0.0248
Headphones 1,591.123,0.0476,0.069
Headphones 2,591.123,0.0722,0.0246
Headphones 1,595.407,0.0472,0.0692
Headphones 2,595.407,0.0716,0.0244
Headphones 1,599.721,0.0474,0.0694
Headphones 2,599.721,0.0712,0.0244
Headphones 1,604.067,0.0478,0.0694
Headphones 2,604.067,0.071,0.0246
Headphones 1,608.444,0.049,0.0698
Headphones 2,608.444,0.0726,0.0248
Headphones 1,612.853,0.0502,0.0704
Headphones 2,612.853,0.0732,0.025
Headphones 1,617.294,0.0512,0.071
Headphones 2,617.294,0.0734,0.0252
Headphones 1,621.767,0.0512,0.0714
Headphones 2,621.767,0.0738,0.0254
Headphones 1,626.273,0.0512,0.0712
Headphones 2,626.273,0.0726,0.0254
Headphones 1,630.811,0.0518,0.0712
Headphones 2,630.811,0.0726,0.0254
Headphones 1,635.382,0.051,0.0712
Headphones 2,635.382,0.0722,0.0256
Headphones 1,639.986,0.0504,0.072
Headphones 2,639.986,0.0728,0.0254
Headphones 1,644.624,0.0506,0.072
Headphones 2,644.624,0.0736,0.0256
Headphones 1,649.295,0.0508,0.0724
Headphones 2,649.295,0.0744,0.0252
Headphones 1,654,0.0506,0.073
Headphones 2,654,0.0754,0.0252
Headphones 1,658.739,0.051,0.0736
Headphones 2,658.739,0.0776,0.0256
Headphones 1,663.513,0.0512,0.0738
Headphones 2,663.513,0.0774,0.0256
Headphones 1,668.321,0.051,0.0742
Headphones 2,668.321,0.0766,0.0254
Headphones 1,673.164,0.0514,0.0744
Headphones 2,673.164,0.077,0.0254
Headphones 1,678.042,0.052,0.0748
Headphones 2,678.042,0.0772,0.0258
Headphones 1,682.955,0.053,0.0754
Headphones 2,682.955,0.0784,0.0264
Headphones 1,687.904,0.0536,0.0758
Headphones 2,687.904,0.0796,0.0272
Headphones 1,692.889,0.0534,0.0762
Headphones 2,692.889,0.0796,0.0272
Headphones 1,697.91,0.0536,0.0768
Headphones 2,697.91,0.08,0.0272
Headphones 1,702.967,0.0538,0.0776
Headphones 2,702.967,0.0804,0.0272
Headphones 1,708.061,0.0534,0.0782
Headphones 2,708.061,0.0798,0.0268
Headphones 1,713.192,0.0534,0.079
Headphones 2,713.192,0.079,0.0264
Headphones 1,718.36,0.0542,0.0796
Headphones 2,718.36,0.0792,0.0264
Headphones 1,723.566,0.055,0.0804
Headphones 2,723.566,0.0796,0.0268
Headphones 1,728.809,0.056,0.0812
Headphones 2,728.809,0.081,0.027
Headphones 1,734.09,0.057,0.0826
Headphones 2,734.09,0.0824,0.0276
Headphones 1,739.409,0.0584,0.0838
Headphones 2,739.409,0.0826,0.0278
Headphones 1,744.768,0.0588,0.0842
Headphones 2,744.768,0.0828,0.0278
Headphones 1,750.164,0.0596,0.085
Headphones 2,750.164,0.0834,0.0288
Headphones 1,755.6,0.0596,0.085
Headphones 2,755.6,0.082,0.0284
Headphones 1,761.076,0.0594,0.0856
Headphones 2,761.076,0.0816,0.028
Headphones 1,766.591,0.06,0.0862
Headphones 2,766.591,0.0814,0.028
Headphones 1,772.146,0.0604,0.0872
Headphones 2,772.146,0.0804,0.0276
Headphones 1,777.741,0.0616,0.0878
Headphones 2,777.741,0.0804,0.028
Headphones 1,783.377,0.062,0.0886
Headphones 2,783.377,0.0802,0.0282
Headphones 1,789.053,0.0616,0.0896
Headphones 2,789.053,0.0804,0.0282
Headphones 1,794.771,0.0622,0.09
Headphones 2,794.771,0.0816,0.0284
Headphones 1,800.53,0.0626,0.0908
Headphones 2,800.53,0.082,0.0288
Headphones 1,806.331,0.0642,0.092
Headphones 2,806.331,0.0834,0.0288
Headphones 1,812.174,0.0646,0.0924
Headphones 2,812.174,0.0842,0.029
Headphones 1,818.06,0.0644,0.0934
Headphones 2,818.06,0.0826,0.0284
Headphones 1,823.988,0.064,0.0942
Headphones 2,823.988,0.0814,0.0284
Headphones 1,829.959,0.0642,0.0948
Headphones 2,829.959,0.0802,0.0282
Headphones 1,835.973,0.0642,0.095
Headphones 2,835.973,0.08,0.0282
Headphones 1,842.031,0.065,0.0952
Headphones 2,842.031,0.0806,0.0286
Headphones 1,848.132,0.0652,0.0954
Headphones 2,848.132,0.0812,0.0292
Headphones 1,854.278,0.0662,0.0958
Headphones 2,854.278,0.0828,0.0294
Headphones 1,860.469,0.0666,0.096
Headphones 2,860.469,0.0828,0.0296
Headphones 1,866.704,0.0666,0.0962
Headphones 2,866.704,0.0836,0.0296
Headphones 1,872.984,0.066,0.0964
Headphones 2,872.984,0.0842,0.0296
Headphones 1,879.31,0.0654,0.0958
Headphones 2,879.31,0.0832,0.0292
Headphones 1,885.682,0.066,0.0956
Headphones 2,885.682,0.0824,0.0288
Headphones 1,892.1,0.0666,0.095
Headphones 2,892.1,0.0824,0.029
Headphones 1,898.565,0.067,0.0946
Headphones 2,898.565,0.0828,0.0292
Headphones 1,905.076,0.0666,0.0942
Headphones 2,905.076,0.0818,0.029
Headphones 1,911.634,0.0654,0.0936
Headphones 2,911.634,0.0808,0.0288
Headphones 1,918.24,0.0654,0.0932
Headphones 2,918.24,0.0808,0.0286
Headphones 1,924.894,0.066,0.0932
Headphones 2,924.894,0.081,0.0286
Headphones 1,931.596,0.0664,0.093
Headphones 2,931.596,0.0814,0.0288
Headphones 1,938.347,0.0656,0.0924
Headphones 2,938.347,0.081,0.0288
Headphones 1,945.147,0.0654,0.0908
Headphones 2,945.147,0.0812,0.0288
Headphones 1,951.996,0.0644,0.09
Headphones 2,951.996,0.08,0.0284
Headphones 1,958.894,0.0636,0.089
Headphones 2,958.894,0.0796,0.0284
Headphones 1,965.843,0.0638,0.0884
Headphones 2,965.843,0.08,0.0284
Headphones 1,972.842,0.0644,0.0878
Headphones 2,972.842,0.0814,0.0288
Headphones 1,979.891,0.065,0.0872
Headphones 2,979.891,0.082,0.0292
Headphones 1,986.992,0.0656,0.0864
Headphones 2,986.992,0.0822,0.0294
Headphones 1,994.144,0.065,0.0852
Headphones 2,994.144,0.0818,0.0294
Headphones 1,1001.348,0.0638,0.0846
Headphones 2,1001.348,0.0808,0.0288
Headphones 1,1008.604,0.0632,0.0836
Headphones 2,1008.604,0.0804,0.0286
Headphones 1,1015.913,0.0622,0.0826
Headphones 2,1015.913,0.0802,0.0286
Headphones 1,1023.274,0.0616,0.0818
Headphones 2,1023.274,0.0808,0.0286
Headphones 1,1030.689,0.061,0.0808
Headphones 2,1030.689,0.0804,0.0284
Headphones 1,1038.158,0.0608,0.0802
Headphones 2,1038.158,0.0808,0.0284
Headphones 1,1045.681,0.061,0.0794
Headphones 2,1045.681,0.0822,0.0288
Headphones 1,1053.258,0.0618,0.0788
Headphones 2,1053.258,0.0824,0.0288
Headphones 1,1060.891,0.0618,0.078
Headphones 2,1060.891,0.0818,0.0286
Headphones 1,1068.578,0.0608,0.077
Headphones 2,1068.578,0.0812,0.0288
Headphones 1,1076.322,0.06,0.0764
Headphones 2,1076.322,0.0812,0.0286
Headphones 1,1084.121,0.0596,0.0754
Headphones 2,1084.121,0.0818,0.0286
Headphones 1,1091.977,0.0594,0.0748
Headphones 2,1091.977,0.0828,0.029
Headphones 1,1099.89,0.0596,0.0742
Headphones 2,1099.89,0.0828,0.029
Headphones 1,1107.86,0.06,0.0736
Headphones 2,1107.86,0.0818,0.029
Headphones 1,1115.888,0.0594,0.0728
Headphones 2,1115.888,0.081,0.029
Headphones 1,1123.974,0.0588,0.072
Headphones 2,1123.974,0.0806,0.0288
Headphones 1,1132.119,0.0582,0.0712
Headphones 2,1132.119,0.0802,0.0284
Headphones 1,1140.323,0.0574,0.0706
Headphones 2,1140.323,0.0806,0.0282
Headphones 1,1148.586,0.0566,0.0702
Headphones 2,1148.586,0.0802,0.0282
Headphones 1,1156.909,0.0564,0.07
Headphones 2,1156.909,0.0796,0.028
Headphones 1,1165.292,0.0562,0.0694
Headphones 2,1165.292,0.0796,0.0282
Headphones 1,1173.737,0.0558,0.0686
Headphones 2,1173.737,0.079,0.0278
Headphones 1,1182.242,0.0546,0.0676
Headphones 2,1182.242,0.0784,0.0278
Headphones 1,1190.809,0.054,0.0666
Headphones 2,1190.809,0.078,0.028
Headphones 1,1199.438,0.0534,0.0658
Headphones 2,1199.438,0.077,0.0282
Headphones 1,1208.13,0.0526,0.0652
Headphones 2,1208.13,0.076,0.029
Headphones 1,1216.884,0.052,0.0644
Headphones 2,1216.884,0.0756,0.0294
Headphones 1,1225.702,0.0522,0.0636
Headphones 2,1225.702,0.0756,0.0296
Headphones 1,1234.584,0.0518,0.063
Headphones 2,1234.584,0.0754,0.03
Headphones 1,1243.53,0.0514,0.0618
Headphones 2,1243.53,0.0756,0.03
Headphones 1,1252.541,0.051,0.0608
Headphones 2,1252.541,0.0756,0.0296
Headphones 1,1261.618,0.0506,0.06
Headphones 2,1261.618,0.0766,0.0292
Headphones 1,1270.76,0.0502,0.059
Headphones 2,1270.76,0.0764,0.0292
Headphones 1,1279.968,0.0498,0.0582
Headphones 2,1279.968,0.0768,0.0286
Headphones 1,1289.243,0.0492,0.0574
Headphones 2,1289.243,0.0772,0.029
Headphones 1,1298.586,0.048,0.0564
Headphones 2,1298.586,0.077,0.0298
Headphones 1,1307.996,0.0476,0.0552
Headphones 2,1307.996,0.0766,0.0316
Headphones 1,1317.474,0.0474,0.0548
Headphones 2,1317.474,0.0762,0.0342
Headphones 1,1327.021,0.0472,0.0538
Headphones 2,1327.021,0.0762,0.0366
Headphones 1,1336.637,0.0472,0.0534
Headphones 2,1336.637,0.0768,0.0384
Headphones 1,1346.323,0.047,0.0524
Headphones 2,1346.323,0.077,0.04
Headphones 1,1356.079,0.0464,0.0516
Headphones 2,1356.079,0.077,0.0404
Headphones 1,1365.905,0.0456,0.0508
Headphones 2,1365.905,0.0764,0.0404
Headphones 1,1375.803,0.0448,0.0502
Headphones 2,1375.803,0.076,0.04
Headphones 1,1385.773,0.0446,0.0488
Headphones 2,1385.773,0.0754,0.0388
Headphones 1,1395.815,0.0442,0.0476
Headphones 2,1395.815,0.0756,0.0368
Headphones 1,1405.929,0.044,0.047
Headphones 2,1405.929,0.0758,0.0348
Headphones 1,1416.117,0.0436,0.0462
Headphones 2,1416.117,0.0758,0.0322
Headphones 1,1426.379,0.0434,0.0456
Headphones 2,1426.379,0.0752,0.0302
Headphones 1,1436.715,0.0428,0.0448
Headphones 2,1436.715,0.0744,0.0284
Headphones 1,1447.126,0.0424,0.0438
Headphones 2,1447.126,0.0744,0.0276
Headphones 1,1457.612,0.042,0.043
Headphones 2,1457.612,0.0748,0.0266
Headphones 1,1468.175,0.042,0.0422
Headphones 2,1468.175,0.075,0.0262
Headphones 1,1478.814,0.0418,0.041
Headphones 2,1478.814,0.0754,0.0252
Headphones 1,1489.53,0.0412,0.04
Headphones 2,1489.53,0.0756,0.0252
Headphones 1,1500.323,0.0404,0.0394
Headphones 2,1500.323,0.0764,0.0248
Headphones 1,1511.195,0.04,0.0388
Headphones 2,1511.195,0.0762,0.025
Headphones 1,1522.146,0.0398,0.038
Headphones 2,1522.146,0.0764,0.0258
Headphones 1,1533.176,0.0394,0.0374
Headphones 2,1533.176,0.0768,0.0262
Headphones 1,1544.286,0.0386,0.0368
Headphones 2,1544.286,0.0768,0.0262
Headphones 1,1555.477,0.0382,0.0362
Headphones 2,1555.477,0.0762,0.0266
Headphones 1,1566.748,0.0378,0.0354
Headphones 2,1566.748,0.0766,0.0268
Headphones 1,1578.101,0.0378,0.0348
Headphones 2,1578.101,0.0768,0.027
Headphones 1,1589.537,0.0376,0.0342
Headphones 2,1589.537,0.0772,0.0276
Headphones 1,1601.055,0.0372,0.0338
Headphones 2,1601.055,0.077,0.0276
Headphones 1,1612.657,0.037,0.0334
Headphones 2,1612.657,0.077,0.0286
Headphones 1,1624.343,0.0364,0.0328
Headphones 2,1624.343,0.0768,0.03
Headphones 1,1636.114,0.0362,0.0322
Headphones 2,1636.114,0.0766,0.031
Headphones 1,1647.969,0.0362,0.032
Headphones 2,1647.969,0.0762,0.0314
Headphones 1,1659.911,0.036,0.0316
Headphones 2,1659.911,0.075,0.031
Headphones 1,1671.94,0.0352,0.0314
Headphones 2,1671.94,0.0736,0.0302
Headphones 1,1684.055,0.0352,0.031
Headphones 2,1684.055,0.0734,0.0296
Headphones 1,1696.258,0.0352,0.0308
Headphones 2,1696.258,0.0732,0.0292
Headphones 1,1708.55,0.0352,0.0308
Headphones 2,1708.55,0.0732,0.0292
Headphones 1,1720.931,0.0352,0.0308
Headphones 2,1720.931,0.0726,0.0288
Headphones 1,1733.401,0.0352,0.0306
Headphones 2,1733.401,0.072,0.0284
Headphones 1,1745.962,0.035,0.0302
Headphones 2,1745.962,0.0716,0.028
Headphones 1,1758.614,0.0348,0.03
Headphones 2,1758.614,0.072,0.0276
Headphones 1,1771.358,0.0346,0.03
Headphones 2,1771.358,0.0728,0.0276
Headphones 1,1784.194,0.0344,0.03
Headphones 2,1784.194,0.073,0.0276
Headphones 1,1797.123,0.0344,0.0298
Headphones 2,1797.123,0.0724,0.0284
Headphones 1,1810.145,0.0342,0.0298
Headphones 2,1810.145,0.0724,0.0298
Headphones 1,1823.262,0.0344,0.0298
Headphones 2,1823.262,0.0732,0.0314
Headphones 1,1836.474,0.0346,0.0296
Headphones 2,1836.474,0.0728,0.0322
Headphones 1,1849.782,0.0344,0.0296
Headphones 2,1849.782,0.0724,0.0316
Headphones 1,1863.186,0.0344,0.0292
Headphones 2,1863.186,0.0718,0.0306
Headphones 1,1876.688,0.0344,0.0292
Headphones 2,1876.688,0.0706,0.0294
Headphones 1,1890.287,0.0342,0.0292
Headphones 2,1890.287,0.0694,0.0284
Headphones 1,1903.985,0.0342,0.029
Headphones 2,1903.985,0.0686,0.0276
Headphones 1,1917.782,0.0338,0.029
Headphones 2,1917.782,0.0676,0.0266
Headphones 1,1931.679,0.0336,0.0288
Headphones 2,1931.679,0.0666,0.0254
Headphones 1,1945.676,0.0336,0.0288
Headphones 2,1945.676,0.0654,0.025
Headphones 1,1959.775,0.0334,0.029
Headphones 2,1959.775,0.0646,0.024
Headphones 1,1973.977,0.0338,0.0296
Headphones 2,1973.977,0.064,0.0234
Headphones 1,1988.281,0.0338,0.0298
Headphones 2,1988.281,0.064,0.0232
Headphones 1,2002.689,0.034,0.0302
Headphones 2,2002.689,0.0638,0.0232
Headphones 1,2017.201,0.034,0.0304
Headphones 2,2017.201,0.0642,0.0228
Headphones 1,2031.818,0.0344,0.0304
Headphones 2,2031.818,0.0644,0.0222
Headphones 1,2046.542,0.0348,0.0306
Headphones 2,2046.542,0.0648,0.0224
Headphones 1,2061.372,0.0362,0.031
Headphones 2,2061.372,0.0648,0.0222
Headphones 1,2076.309,0.0372,0.0316
Headphones 2,2076.309,0.0646,0.0222
Headphones 1,2091.355,0.037,0.0314
Headphones 2,2091.355,0.065,0.0222
Headphones 1,2106.51,0.0366,0.0312
Headphones 2,2106.51,0.0644,0.0224
Headphones 1,2121.774,0.0358,0.0314
Headphones 2,2121.774,0.0638,0.0224
Headphones 1,2137.149,0.0352,0.0314
Headphones 2,2137.149,0.0634,0.0224
Headphones 1,2152.636,0.0352,0.0314
Headphones 2,2152.636,0.0624,0.0222
Headphones 1,2168.235,0.0348,0.0314
Headphones 2,2168.235,0.062,0.0226
Headphones 1,2183.947,0.0308,0.0314
Headphones 2,2183.947,0.062,0.0228
Headphones 1,2199.772,0.031,0.0318
Headphones 2,2199.772,0.0618,0.0228
Headphones 1,2215.712,0.031,0.0322
Headphones 2,2215.712,0.0614,0.0234
Headphones 1,2231.768,0.0308,0.0324
Headphones 2,2231.768,0.061,0.0234
Headphones 1,2247.941,0.0314,0.0326
Headphones 2,2247.941,0.061,0.0238
Headphones 1,2264.23,0.0316,0.0328
Headphones 2,2264.23,0.0608,0.0244
Headphones 1,2280.637,0.032,0.0334
Headphones 2,2280.637,0.0604,0.0252
Headphones 1,2297.164,0.0328,0.034
Headphones 2,2297.164,0.0618,0.026
Headphones 1,2313.81,0.034,0.0344
Headphones 2,2313.81,0.0622,0.027
Headphones 1,2330.577,0.0336,0.0348
Headphones 2,2330.577,0.0614,0.0274
Headphones 1,2347.465,0.0332,0.0356
Headphones 2,2347.465,0.0604,0.0278
Headphones 1,2364.476,0.0326,0.036
Headphones 2,2364.476,0.0598,0.0284
Headphones 1,2381.609,0.0326,0.0364
Headphones 2,2381.609,0.0598,0.0292
Headphones 1,2398.867,0.0322,0.0368
Headphones 2,2398.867,0.0602,0.0296
Headphones 1,2416.25,0.0284,0.037
Headphones 2,2416.25,0.0598,0.0302
Headphones 1,2433.76,0.0284,0.0374
Headphones 2,2433.76,0.0568,0.0298
Headphones 1,2451.396,0.0286,0.0376
Headphones 2,2451.396,0.056,0.0298
Headphones 1,2469.159,0.0284,0.0382
Headphones 2,2469.159,0.0556,0.0304
Headphones 1,2487.052,0.0284,0.0388
Headphones 2,2487.052,0.0552,0.0314
Headphones 1,2505.074,0.0284,0.0394
Headphones 2,2505.074,0.0548,0.0328
Headphones 1,2523.227,0.0286,0.0398
Headphones 2,2523.227,0.0542,0.0348
Headphones 1,2541.511,0.0292,0.0406
Headphones 2,2541.511,0.0542,0.0356
Headphones 1,2559.927,0.0296,0.0412
Headphones 2,2559.927,0.0538,0.0362
Headphones 1,2578.478,0.0308,0.0416
Headphones 2,2578.478,0.0546,0.0368
Headphones 1,2597.162,0.0318,0.042
Headphones 2,2597.162,0.0554,0.038
Headphones 1,2615.982,0.0318,0.0418
Headphones 2,2615.982,0.0558,0.0394
Headphones 1,2634.939,0.0312,0.042
Headphones 2,2634.939,0.055,0.0416
Headphones 1,2654.032,0.031,0.0418
Headphones 2,2654.032,0.0546,0.0446
Headphones 1,2673.265,0.0306,0.042
Headphones 2,2673.265,0.0548,0.0484
Headphones 1,2692.636,0.0308,0.042
Headphones 2,2692.636,0.055,0.0532
Headphones 1,2712.148,0.0272,0.0418
Headphones 2,2712.148,0.0562,0.0594
Headphones 1,2731.801,0.0274,0.042
Headphones 2,2731.801,0.0544,0.066
Headphones 1,2751.597,0.0278,0.042
Headphones 2,2751.597,0.0554,0.0698
Headphones 1,2771.536,0.0278,0.0418
Headphones 2,2771.536,0.0566,0.0686
Headphones 1,2791.619,0.0284,0.042
Headphones 2,2791.619,0.0564,0.0616
Headphones 1,2811.849,0.0286,0.042
Headphones 2,2811.849,0.0562,0.051
Headphones 1,2832.224,0.0288,0.0422
Headphones 2,2832.224,0.0554,0.0402
Headphones 1,2852.748,0.0292,0.0424
Headphones 2,2852.748,0.0552,0.0318
Headphones 1,2873.42,0.0298,0.0428
Headphones 2,2873.42,0.0548,0.026
Headphones 1,2894.242,0.0308,0.0434
Headphones 2,2894.242,0.0546,0.0228
Headphones 1,2915.214,0.031,0.0438
Headphones 2,2915.214,0.0542,0.0214
Headphones 1,2936.339,0.033,0.045
Headphones 2,2936.339,0.0542,0.0202
Headphones 1,2957.617,0.0344,0.0454
Headphones 2,2957.617,0.0548,0.0202
Headphones 1,2979.049,0.0354,0.046
Headphones 2,2979.049,0.0548,0.0204
Headphones 1,3000.636,0.0356,0.0454
Headphones 2,3000.636,0.0534,0.0214
Headphones 1,3022.38,0.0352,0.0448
Headphones 2,3022.38,0.0522,0.0234
Headphones 1,3044.281,0.0348,0.0434
Headphones 2,3044.281,0.0514,0.0264
Headphones 1,3066.341,0.035,0.0418
Headphones 2,3066.341,0.051,0.0296
Headphones 1,3088.561,0.0352,0.0404
Headphones 2,3088.561,0.0512,0.032
Headphones 1,3110.942,0.0306,0.0384
Headphones 2,3110.942,0.0508,0.0334
Headphones 1,3133.485,0.0312,0.0368
Headphones 2,3133.485,0.0466,0.032
Headphones 1,3156.191,0.0314,0.0352
Headphones 2,3156.191,0.047,0.0318
Headphones 1,3179.062,0.0316,0.0338
Headphones 2,3179.062,0.0472,0.035
Headphones 1,3202.099,0.0318,0.0322
Headphones 2,3202.099,0.0484,0.0422
Headphones 1,3225.303,0.0322,0.03
Headphones 2,3225.303,0.0498,0.0514
Headphones 1,3248.675,0.0326,0.0286
Headphones 2,3248.675,0.0508,0.06
Headphones 1,3272.216,0.033,0.0274
Headphones 2,3272.216,0.0516,0.0646
Headphones 1,3295.927,0.0336,0.0266
Headphones 2,3295.927,0.0518,0.064
Headphones 1,3319.811,0.0344,0.0256
Headphones 2,3319.811,0.0522,0.0582
Headphones 1,3343.867,0.035,0.0248
Headphones 2,3343.867,0.0514,0.05
Headphones 1,3368.098,0.036,0.0242
Headphones 2,3368.098,0.0512,0.0424
Headphones 1,3392.505,0.0372,0.0238
Headphones 2,3392.505,0.0516,0.0366
Headphones 1,3417.088,0.0386,0.0238
Headphones 2,3417.088,0.053,0.032
Headphones 1,3441.85,0.0412,0.0238
Headphones 2,3441.85,0.055,0.0288
Headphones 1,3466.791,0.0434,0.024
Headphones 2,3466.791,0.0572,0.0262
Headphones 1,3491.912,0.0434,0.024
Headphones 2,3491.912,0.0582,0.0242
Headphones 1,3517.216,0.0428,0.0238
Headphones 2,3517.216,0.0584,0.0232
Headphones 1,3542.703,0.0424,0.0236
Headphones 2,3542.703,0.0596,0.024
Headphones 1,3568.375,0.0424,0.0234
Headphones 2,3568.375,0.0606,0.0254
Headphones 1,3594.233,0.0428,0.0236
Headphones 2,3594.233,0.0618,0.0272
Headphones 1,3620.278,0.0364,0.0222
Headphones 2,3620.278,0.0632,0.0294
Headphones 1,3646.512,0.037,0.0224
Headphones 2,3646.512,0.0594,0.0314
Headphones 1,3672.936,0.0378,0.0228
Headphones 2,3672.936,0.0606,0.0352
Headphones 1,3699.551,0.038,0.023
Headphones 2,3699.551,0.0618,0.0394
Headphones 1,3726.359,0.0384,0.023
Headphones 2,3726.359,0.0628,0.0436
Headphones 1,3753.362,0.0386,0.0234
Headphones 2,3753.362,0.0646,0.0484
Headphones 1,3780.56,0.0392,0.024
Headphones 2,3780.56,0.0666,0.06
Headphones 1,3807.956,0.0396,0.0242
Headphones 2,3807.956,0.0704,0.0828
Headphones 1,3835.55,0.0398,0.0246
Headphones 2,3835.55,0.0748,0.1118
Headphones 1,3863.344,0.0398,0.0252
Headphones 2,3863.344,0.0788,0.1398
Headphones 1,3891.339,0.0404,0.0258
Headphones 2,3891.339,0.082,0.1606
Headphones 1,3919.537,0.0406,0.0264
Headphones 2,3919.537,0.084,0.1736
Headphones 1,3947.939,0.0412,0.027
Headphones 2,3947.939,0.084,0.1762
Headphones 1,3976.547,0.0416,0.0276
Headphones 2,3976.547,0.082,0.1688
Headphones 1,4005.363,0.042,0.0278
Headphones 2,4005.363,0.0796,0.1534
Headphones 1,4034.387,0.043,0.0278
Headphones 2,4034.387,0.0764,0.1352
Headphones 1,4063.622,0.044,0.0276
Headphones 2,4063.622,0.0742,0.1172
Headphones 1,4093.069,0.0458,0.0274
Headphones 2,4093.069,0.0728,0.1028
Headphones 1,4122.729,0.0478,0.0278
Headphones 2,4122.729,0.0728,0.095
Headphones 1,4152.604,0.0508,0.0288
Headphones 2,4152.604,0.0744,0.0918
Headphones 1,4182.695,0.051,0.0294
Headphones 2,4182.695,0.0744,0.0888
Headphones 1,4213.004,0.0502,0.0302
Headphones 2,4213.004,0.0728,0.085
Headphones 1,4243.533,0.0494,0.0306
Headphones 2,4243.533,0.0718,0.0814
Headphones 1,4274.283,0.0492,0.0304
Headphones 2,4274.283,0.0716,0.0816
Headphones 1,4305.256,0.049,0.0304
Headphones 2,4305.256,0.0722,0.0868
Headphones 1,4336.454,0.0492,0.0296
Headphones 2,4336.454,0.0734,0.0954
Headphones 1,4367.877,0.0378,0.0274
Headphones 2,4367.877,0.0744,0.1062
Headphones 1,4399.529,0.0384,0.0266
Headphones 2,4399.529,0.0678,0.114
Headphones 1,4431.409,0.0392,0.0264
Headphones 2,4431.409,0.068,0.1172
Headphones 1,4463.521,0.0392,0.0258
Headphones 2,4463.521,0.0676,0.1132
Headphones 1,4495.865,0.0392,0.0252
Headphones 2,4495.865,0.0662,0.1062
Headphones 1,4528.444,0.0388,0.0248
Headphones 2,4528.444,0.0646,0.1026
Headphones 1,4561.259,0.0386,0.024
Headphones 2,4561.259,0.0648,0.1036
Headphones 1,4594.312,0.0388,0.0236
Headphones 2,4594.312,0.0656,0.1064
Headphones 1,4627.604,0.0382,0.0234
Headphones 2,4627.604,0.067,0.1098
Headphones 1,4661.137,0.0382,0.023
Headphones 2,4661.137,0.0686,0.1152
Headphones 1,4694.913,0.0378,0.0228
Headphones 2,4694.913,0.0708,0.1248
Headphones 1,4728.934,0.0376,0.0226
Headphones 2,4728.934,0.074,0.1396
Headphones 1,4763.202,0.038,0.0226
Headphones 2,4763.202,0.0786,0.1592
Headphones 1,4797.718,0.038,0.0226
Headphones 2,4797.718,0.0812,0.1722
Headphones 1,4832.484,0.0378,0.023
Headphones 2,4832.484,0.0808,0.1696
Headphones 1,4867.502,0.0376,0.023
Headphones 2,4867.502,0.0786,0.1594
Headphones 1,4902.774,0.037,0.023
Headphones 2,4902.774,0.0776,0.1528
Headphones 1,4938.301,0.0368,0.0234
Headphones 2,4938.301,0.0766,0.1456
Headphones 1,4974.086,0.0362,0.0234
Headphones 2,4974.086,0.0746,0.133
Headphones 1,5010.13,0.0362,0.0234
Headphones 2,5010.13,0.0734,0.1166
Headphones 1,5046.435,0.0362,0.0232
Headphones 2,5046.435,0.0732,0.103
Headphones 1,5083.003,0.0366,0.0234
Headphones 2,5083.003,0.074,0.0972
Headphones 1,5119.837,0.0374,0.0236
Headphones 2,5119.837,0.0762,0.0968
Headphones 1,5156.937,0.0386,0.0238
Headphones 2,5156.937,0.0798,0.097
Headphones 1,5194.306,0.04,0.024
Headphones 2,5194.306,0.0832,0.0962
Headphones 1,5231.946,0.04,0.0242
Headphones 2,5231.946,0.085,0.0954
Headphones 1,5269.859,0.0392,0.024
Headphones 2,5269.859,0.0856,0.0938
Headphones 1,5308.046,0.0382,0.0238
Headphones 2,5308.046,0.0866,0.0928
Headphones 1,5346.51,0.0378,0.0238
Headphones 2,5346.51,0.0882,0.0932
Headphones 1,5385.253,0.0372,0.0242
Headphones 2,5385.253,0.0904,0.0964
Headphones 1,5424.277,0.0264,0.023
Headphones 2,5424.277,0.0938,0.1012
Headphones 1,5463.583,0.0254,0.023
Headphones 2,5463.583,0.0824,0.1054
Headphones 1,5503.174,0.0254,0.0232
Headphones 2,5503.174,0.0852,0.1104
Headphones 1,5543.052,0.025,0.0236
Headphones 2,5543.052,0.0878,0.1136
Headphones 1,5583.219,0.0248,0.0238
Headphones 2,5583.219,0.0908,0.1126
Headphones 1,5623.677,0.0252,0.024
Headphones 2,5623.677,0.0932,0.1052
Headphones 1,5664.429,0.0252,0.024
Headphones 2,5664.429,0.0946,0.0926
Headphones 1,5705.475,0.0252,0.0248
Headphones 2,5705.475,0.0954,0.077
Headphones 1,5746.819,0.025,0.0254
Headphones 2,5746.819,0.0968,0.0632
Headphones 1,5788.463,0.025,0.026
Headphones 2,5788.463,0.0984,0.0526
Headphones 1,5830.408,0.0246,0.0268
Headphones 2,5830.408,0.0992,0.0456
Headphones 1,5872.658,0.024,0.0278
Headphones 2,5872.658,0.1002,0.0414
Headphones 1,5915.213,0.0234,0.0288
Headphones 2,5915.213,0.101,0.0396
Headphones 1,5958.077,0.023,0.0292
Headphones 2,5958.077,0.102,0.0382
Headphones 1,6001.251,0.023,0.0298
Headphones 2,6001.251,0.1024,0.0372
Headphones 1,6044.739,0.0228,0.0304
Headphones 2,6044.739,0.1032,0.0364
Headphones 1,6088.541,0.0228,0.0308
Headphones 2,6088.541,0.1036,0.036
Headphones 1,6132.661,0.023,0.0306
Headphones 2,6132.661,0.1042,0.0358
Headphones 1,6177.101,0.0234,0.0308
Headphones 2,6177.101,0.1044,0.0352
Headphones 1,6221.862,0.0238,0.0308
Headphones 2,6221.862,0.1048,0.035
Headphones 1,6266.948,0.024,0.0308
Headphones 2,6266.948,0.105,0.0348
Headphones 1,6312.361,0.0244,0.031
Headphones 2,6312.361,0.1048,0.035
Headphones 1,6358.103,0.025,0.0308
Headphones 2,6358.103,0.105,0.0346
Headphones 1,6404.176,0.0254,0.0306
Headphones 2,6404.176,0.1044,0.0348
Headphones 1,6450.583,0.026,0.0308
Headphones 2,6450.583,0.104,0.035
Headphones 1,6497.326,0.0266,0.0304
Headphones 2,6497.326,0.1032,0.0348
Headphones 1,6544.408,0.0274,0.0298
Headphones 2,6544.408,0.1022,0.034
Headphones 1,6591.831,0.0278,0.0298
Headphones 2,6591.831,0.1014,0.034
Headphones 1,6639.598,0.0288,0.0296
Headphones 2,6639.598,0.1002,0.0334
Headphones 1,6687.711,0.0298,0.0296
Headphones 2,6687.711,0.0994,0.0328
Headphones 1,6736.173,0.0308,0.03
Headphones 2,6736.173,0.098,0.0326
Headphones 1,6784.986,0.0322,0.0306
Headphones 2,6784.986,0.0976,0.0324
Headphones 1,6834.152,0.0344,0.031
Headphones 2,6834.152,0.0972,0.0318
Headphones 1,6883.675,0.037,0.0318
Headphones 2,6883.675,0.0972,0.0318
Headphones 1,6933.557,0.0392,0.0326
Headphones 2,6933.557,0.097,0.032
Headphones 1,6983.8,0.0398,0.0326
Headphones 2,6983.8,0.0944,0.0312
Headphones 1,7034.407,0.0394,0.0324
Headphones 2,7034.407,0.091,0.0302
Headphones 1,7085.381,0.0394,0.0316
Headphones 2,7085.381,0.0884,0.0298
Headphones 1,7136.725,0.0392,0.0308
Headphones 2,7136.725,0.0872,0.0294
Headphones 1,7188.44,0.0392,0.0294
Headphones 2,7188.44,0.0856,0.0294
Headphones 1,7240.53,0.025,0.0258
Headphones 2,7240.53,0.0844,0.029
Headphones 1,7292.998,0.0252,0.0246
Headphones 2,7292.998,0.0692,0.0252
Headphones 1,7345.845,0.0254,0.0236
Headphones 2,7345.845,0.0676,0.025
Headphones 1,7399.076,0.0248,0.0226
Headphones 2,7399.076,0.065,0.0246
Headphones 1,7452.692,0.025,0.0226
Headphones 2,7452.692,0.0626,0.0242
Headphones 1,7506.698,0.0252,0.022
Headphones 2,7506.698,0.0598,0.0236
Headphones 1,7561.094,0.025,0.0218
Headphones 2,7561.094,0.0574,0.0234
Headphones 1,7615.884,0.025,0.022
Headphones 2,7615.884,0.0554,0.0232
Headphones 1,7671.072,0.0254,0.0222
Headphones 2,7671.072,0.0542,0.023
Headphones 1,7726.66,0.0258,0.0224
Headphones 2,7726.66,0.0542,0.0228
Headphones 1,7782.65,0.026,0.0226
Headphones 2,7782.65,0.0532,0.023
Headphones 1,7839.046,0.0262,0.0226
Headphones 2,7839.046,0.0526,0.0234
Headphones 1,7895.851,0.0262,0.0228
Headphones 2,7895.851,0.052,0.0238
Headphones 1,7953.067,0.026,0.0234
Headphones 2,7953.067,0.051,0.0248
Headphones 1,8010.698,0.0262,0.0236
Headphones 2,8010.698,0.0502,0.0252
Headphones 1,8068.746,0.0264,0.024
Headphones 2,8068.746,0.049,0.0256
Headphones 1,8127.215,0.0272,0.0244
Headphones 2,8127.215,0.0476,0.0262
Headphones 1,8186.108,0.0272,0.025
Headphones 2,8186.108,0.047,0.027
Headphones 1,8245.428,0.0278,0.025
Headphones 2,8245.428,0.046,0.0276
Headphones 1,8305.177,0.0286,0.0254
Headphones 2,8305.177,0.0454,0.0278
Headphones 1,8365.359,0.03,0.0256
Headphones 2,8365.359,0.045,0.0278
Headphones 1,8425.979,0.0308,0.0258
Headphones 2,8425.979,0.0446,0.0276
Headphones 1,8487.036,0.0322,0.026
Headphones 2,8487.036,0.0438,0.027
Headphones 1,8548.536,0.0338,0.0262
Headphones 2,8548.536,0.0434,0.026
Headphones 1,8610.482,0.0356,0.0264
Headphones 2,8610.482,0.0426,0.025
Headphones 1,8672.877,0.0378,0.0262
Headphones 2,8672.877,0.0418,0.0236
Headphones 1,8735.724,0.0404,0.0262
Headphones 2,8735.724,0.0412,0.0222
Headphones 1,8799.026,0.0426,0.0262
Headphones 2,8799.026,0.0398,0.0212
Headphones 1,8862.787,0.045,0.0262
Headphones 2,8862.787,0.0388,0.0216
Headphones 1,8927.011,0.0484,0.026
Headphones 2,8927.011,0.0384,0.0226
Headphones 1,8991.699,0.0514,0.0262
Headphones 2,8991.699,0.0382,0.0242
Headphones 1,9056.856,0.0546,0.0258
Headphones 2,9056.856,0.0382,0.0264
Headphones 1,9122.485,0.0576,0.026
Headphones 2,9122.485,0.0388,0.031
Headphones 1,9188.59,0.0608,0.026
Headphones 2,9188.59,0.0402,0.0372
Headphones 1,9255.174,0.0642,0.0264
Headphones 2,9255.174,0.042,0.0408
Headphones 1,9322.24,0.067,0.0264
Headphones 2,9322.24,0.0448,0.0418
Headphones 1,9389.793,0.0702,0.027
Headphones 2,9389.793,0.048,0.0402
Headphones 1,9457.835,0.0734,0.0272
Headphones 2,9457.835,0.0526,0.0382
Headphones 1,9526.37,0.076,0.0278
Headphones 2,9526.37,0.0578,0.0354
Headphones 1,9595.401,0.078,0.0288
Headphones 2,9595.401,0.0638,0.0332
Headphones 1,9664.934,0.0796,0.0296
Headphones 2,9664.934,0.0696,0.0324
Headphones 1,9734.97,0.0816,0.0312
Headphones 2,9734.97,0.0754,0.0334
Headphones 1,9805.513,0.0838,0.0328
Headphones 2,9805.513,0.0808,0.0362
Headphones 1,9876.567,0.0872,0.0348
Headphones 2,9876.567,0.0858,0.039
Headphones 1,9948.137,0.0908,0.037
Headphones 2,9948.137,0.0908,0.041
Headphones 1,10020.225,0.0964,0.0394
Headphones 2,10020.225,0.0964,0.0422
Headphones 1,10092.835,0.1032,0.0416
Headphones 2,10092.835,0.1024,0.043
Headphones 1,10165.971,0.1122,0.0442
Headphones 2,10165.971,0.1084,0.0432
Headphones 1,10239.638,0.1234,0.0476
Headphones 2,10239.638,0.116,0.044
Headphones 1,10313.838,0.1388,0.052
Headphones 2,10313.838,0.1254,0.046
Headphones 1,10388.576,0.1556,0.0564
Headphones 2,10388.576,0.1356,0.0488
Headphones 1,10463.855,0.164,0.058
Headphones 2,10463.855,0.1392,0.0492
Headphones 1,10539.681,0.1686,0.058
Headphones 2,10539.681,0.1364,0.0476
Headphones 1,10616.055,0.1732,0.0584
Headphones 2,10616.055,0.134,0.0462
Headphones 1,10692.982,0.1778,0.0586
Headphones 2,10692.982,0.133,0.046
Headphones 1,10770.468,0.1824,0.0592
Headphones 2,10770.468,0.133,0.046
